0, 389, 390, 391, 392, 393, 394, 395, 396, 397, 398, 399, 400, 401, 402, 388, 387, 386, 385, 371, 372, 373, 374, 375, 376, 403, 377, 379, 380, 381, 382, 383, 384, 378, 404, 405, 406, 426, 427, 428, 429, 430, 431, 425, 432, 434, 435, 436, 437, 438, 439, 433, 424, 423, 422, 407, 408, 409, 410, 411, 412, 413, 414, 415, 416, 417, 418, 419, 420, 421, 370, 369, 368, 367, 316, 317, 318, 319, 320, 321, 315, 322, 324, 325, 326, 327, 328, 329, 323, 314, 312, 311, 296, 297, 298, 299, 300, 301, 302, 303, 304, 305, 306, 307, 308, 309, 310, 330, 440, 331, 333, 353, 354, 355, 356, 357, 358, 352, 359, 361, 362, 363, 364, 365, 366, 360, 351, 350, 349, 334, 335, 336, 337, 338, 339, 340, 341, 342, 343, 344, 345, 346, 347, 348, 332, 441, 442, 443, 537, 538, 539, 540, 541, 542, 536, 543, 545, 546, 547, 548, 549, 550, 544, 551, 535, 533, 519, 520, 521, 522, 523, 524, 534, 525, 527, 528, 529, 530, 531, 532, 526, 552, 553, 554, 574, 575, 576, 577, 578, 579, 573, 580, 582, 583, 584, 585, 586, 587, 581, 572, 571, 570, 555, 556, 557, 558, 559, 560, 561, 562, 563, 564, 565, 566, 567, 568, 569, 518, 517, 516, 515, 464, 465, 466, 467, 468, 469, 463, 470, 472, 473, 474, 475, 476, 477, 471, 462, 461, 460, 444, 445, 446, 447, 448, 449, 450, 451, 452, 453, 454, 456, 457, 458, 459, 478, 295, 479, 481, 501, 502, 503, 504, 505, 506, 500, 507, 509, 510, 511, 512, 513, 514, 508, 499, 498, 497, 482, 483, 484, 485, 486, 487, 488, 489, 490, 491, 492, 493, 494, 495, 496, 480, 588, 294, 292, 95, 96, 97, 98, 99, 100, 94, 101, 103, 104, 105, 106, 107, 108, 102, 109, 93, 91, 77, 78, 79, 80, 81, 82, 92, 83, 85, 86, 87, 88, 89, 90, 84, 110, 111, 112, 132, 133, 134, 136, 137, 138, 131, 139, 141, 142, 143, 144, 145, 293, 140, 130, 129, 128, 113, 114, 115, 116, 117, 118, 119, 120, 121, 122, 123, 124, 125, 126, 127, 76, 147, 75, 73, 22, 23, 24, 25, 26, 27, 21, 28, 30, 31, 32, 33, 34, 35, 29, 36, 20, 16, 1, 3, 4, 5, 6, 7, 17, 8, 10, 11, 12, 13, 14, 15, 9, 37, 38, 39, 59, 60, 61, 62, 63, 64, 58, 65, 67, 68, 69, 70, 71, 72, 66, 57, 56, 55, 40, 41, 42, 43, 44, 45, 46, 47, 48, 49, 50, 51, 52, 53, 54, 74, 148, 146, 150, 241, 242, 243, 244, 245, 246, 240, 247, 249, 250, 251, 252, 253, 254, 248, 255, 239, 237, 223, 224, 225, 226, 227, 228, 238, 229, 231, 232, 233, 234, 235, 236, 230, 256, 257, 258, 278, 279, 280, 281, 282, 283, 277, 284, 286, 287, 288, 289, 290, 291, 285, 276, 275, 274, 259, 260, 261, 262, 263, 264, 265, 266, 267, 268, 269, 270, 271, 272, 273, 149, 220, 222, 182, 169, 170, 171, 172, 173, 174, 168, 175, 177, 178, 179, 180, 181, 219, 176, 183, 167, 165, 151, 152, 153, 154, 155, 156, 166, 157, 159, 160, 161, 162, 163, 164, 158, 184, 589, 186, 205, 206, 207, 208, 209, 210, 185, 211, 213, 214, 215, 216, 217, 218, 212, 203, 204, 196, 190, 191, 192, 193, 194, 195, 202, 189, 197, 198, 187, 199, 200, 201, 188


2


18


19


135


221


313


455


