0, 389, 390, 391, 392, 393, 394, 388, 395, 397, 398, 399, 400, 401, 402, 396, 403, 387, 385, 371, 372, 373, 374, 375, 376, 386, 377, 379, 380, 381, 382, 383, 384, 378, 404, 405, 406, 426, 427, 428, 429, 430, 431, 425, 432, 434, 435, 436, 437, 438, 439, 433, 424, 423, 422, 407, 408, 409, 410, 411, 412, 413, 414, 415, 416, 417, 418, 419, 420, 421, 370, 369, 368, 367, 316, 317, 318, 319, 320, 321, 315, 322, 324, 325, 326, 327, 328, 329, 323, 314, 313, 312, 297, 298, 299, 300, 301, 302, 303, 304, 305, 306, 307, 308, 309, 310, 311, 330, 440, 331, 333, 353, 354, 355, 356, 357, 358, 352, 359, 361, 362, 363, 364, 365, 366, 360, 351, 350, 349, 334, 335, 336, 337, 338, 339, 340, 341, 342, 343, 344, 345, 346, 347, 348, 332, 441, 442, 443, 537, 538, 539, 540, 541, 542, 536, 543, 545, 546, 547, 548, 549, 550, 544, 535, 534, 533, 518, 519, 520, 521, 522, 523, 524, 525, 526, 527, 528, 529, 530, 531, 532, 551, 517, 552, 554, 574, 575, 576, 577, 578, 579, 573, 580, 582, 583, 584, 585, 586, 587, 581, 572, 571, 570, 555, 556, 557, 558, 559, 560, 561, 562, 563, 564, 565, 566, 567, 568, 569, 553, 296, 516, 514, 463, 464, 465, 466, 467, 468, 462, 469, 471, 472, 473, 474, 475, 476, 470, 461, 460, 459, 444, 445, 446, 447, 448, 449, 450, 451, 452, 453, 454, 455, 456, 457, 458, 477, 515, 478, 480, 500, 501, 502, 503, 504, 505, 499, 506, 508, 509, 510, 511, 512, 513, 507, 498, 497, 496, 481, 482, 483, 484, 485, 486, 487, 488, 489, 490, 491, 492, 493, 494, 495, 479, 295, 294, 293, 98, 99, 100, 101, 102, 103, 97, 104, 106, 107, 108, 109, 110, 111, 105, 112, 96, 94, 80, 81, 82, 83, 84, 85, 95, 86, 88, 89, 90, 91, 92, 93, 87, 79, 113, 115, 134, 135, 136, 137, 138, 139, 133, 140, 142, 143, 144, 145, 588, 147, 141, 114, 132, 130, 116, 117, 118, 119, 120, 121, 131, 122, 124, 125, 126, 127, 128, 129, 123, 148, 78, 76, 24, 25, 26, 27, 28, 29, 23, 30, 33, 34, 35, 37, 38, 39, 31, 40, 22, 20, 1, 2, 4, 5, 6, 7, 21, 8, 14, 15, 16, 17, 18, 19, 13, 77, 41, 43, 62, 63, 64, 65, 66, 67, 61, 68, 70, 71, 72, 73, 74, 75, 69, 42, 60, 58, 44, 45, 46, 47, 48, 49, 59, 50, 52, 53, 54, 55, 56, 57, 51, 149, 146, 151, 243, 244, 245, 246, 247, 248, 242, 249, 251, 252, 253, 254, 255, 256, 250, 257, 241, 239, 225, 150, 227, 228, 229, 230, 240, 231, 233, 234, 235, 236, 237, 238, 232, 224, 258, 260, 279, 280, 281, 282, 283, 284, 278, 285, 287, 288, 289, 290, 291, 292, 286, 259, 277, 275, 261, 262, 263, 264, 265, 266, 276, 267, 269, 270, 271, 272, 273, 274, 268, 223, 226, 221, 170, 171, 172, 173, 174, 175, 169, 176, 178, 179, 180, 181, 222, 183, 177, 184, 168, 166, 152, 153, 154, 155, 156, 157, 167, 158, 160, 161, 162, 163, 164, 165, 159, 185, 182, 187, 186, 207, 208, 209, 210, 211, 212, 213, 214, 215, 216, 217, 218, 219, 220, 205, 204, 206, 202, 188, 189, 190, 191, 192, 193, 203, 194, 589, 195, 196, 197, 198, 199, 200, 201


3


9


10


11


12


32


36


