0, 9, 14, 15, 47, 72, 75, 84, 85, 101, 112, 114, 134, 135, 138, 139, 150, 151, 161, 171, 186, 223, 233, 255, 260, 261, 262, 263, 285, 297, 322, 329, 366, 388, 400, 408, 410, 429, 440, 470, 471, 473


1, 2, 3, 5, 7, 10, 16, 17, 20, 22, 24, 25, 27, 28, 31, 32, 33, 44, 57, 59, 68, 87, 96, 97, 110, 115, 125, 136, 145, 146, 177, 185, 190, 219, 230, 256, 296, 305, 323, 336, 355, 356, 363, 377, 417, 442, 458, 464


4, 11, 23, 29, 34, 36, 37, 38, 39, 40, 41, 43, 49, 54, 78, 80, 95, 140, 160, 173, 178, 181, 189, 193, 203, 221, 222, 224, 237, 238, 252, 286, 325, 327, 334, 344, 353, 374, 405, 415, 450, 457


6, 12, 21, 42, 45, 53, 63, 64, 66, 73, 83, 89, 93, 106, 118, 120, 148, 174, 183, 213, 214, 216, 225, 232, 251, 254, 304, 307, 319, 337, 359, 364, 370, 373, 387, 399, 404, 406, 434, 437, 441, 443, 455, 477


8, 18, 19, 35, 50, 55, 61, 77, 86, 91, 92, 100, 123, 124, 129, 130, 131, 132, 133, 137, 144, 179, 180, 184, 191, 192, 194, 195, 196, 198, 199, 200, 201, 202, 204, 205, 206, 207, 208, 210, 212, 215, 220, 226, 228, 229, 234, 235, 236, 243, 245, 246, 247, 248, 249, 250, 257, 258, 259, 264, 265, 267, 295, 341, 365, 371, 379, 401, 409, 411, 453


13, 26, 48, 56, 65, 70, 71, 74, 76, 79, 82, 90, 94, 98, 99, 102, 103, 104, 107, 108, 109, 119, 126, 127, 128, 141, 142, 143, 147, 154, 166, 169, 170, 175, 239, 311, 321, 326, 335, 367, 378, 412, 418, 436, 460, 468, 469, 474, 478, 479, 480, 481, 482, 483, 484, 485, 486, 487, 488, 489, 490, 491, 492, 493, 494, 495, 496, 497, 498, 499, 500, 501, 502, 503, 504, 505, 506, 507, 508, 509, 510, 511, 512, 513, 514, 515, 516, 517, 518, 519, 520, 521, 522, 523, 524, 525, 526, 527, 528, 529, 530, 531, 532, 533, 534, 535, 536, 537, 538, 539, 540, 541, 542, 543, 544, 545, 546, 547, 548, 549, 550, 551, 552, 553, 554, 555, 556, 557, 558, 559, 560, 561, 562, 563, 564, 565, 566, 567, 568, 569, 570, 571, 572, 573, 574, 575, 576, 577, 578, 579, 580, 581, 582, 583, 584, 585, 586, 587, 588, 589


30, 46, 52, 58, 60, 62, 67, 69, 81, 88, 113, 116, 117, 122, 149, 152, 153, 155, 156, 157, 158, 159, 162, 163, 164, 165, 167, 168, 172, 176, 182, 187, 188, 197, 209, 211, 217, 218, 227, 231, 240, 242, 253, 266, 268, 269, 270, 271, 272, 273, 274, 275, 276, 277, 278, 279, 280, 281, 282, 283, 284, 287, 314, 315, 345, 360, 456


51, 105, 111, 121, 241, 244, 288, 289, 290, 291, 292, 293, 294, 298, 299, 300, 301, 302, 303, 306, 308, 309, 310, 312, 313, 316, 317, 318, 320, 324, 328, 330, 331, 332, 333, 338, 339, 340, 342, 343, 346, 347, 348, 349, 350, 351, 352, 354, 357, 358, 361, 362, 368, 369, 372, 375, 376, 380, 381, 382, 383, 384, 385, 386, 389, 390, 391, 392, 393, 394, 395, 396, 397, 398, 402, 403, 407, 413, 414, 416, 419, 420, 421, 422, 423, 424, 425, 426, 427, 428, 430, 431, 432, 433, 435, 438, 439, 444, 445, 446, 447, 448, 449, 451, 452, 454, 459, 461, 462, 463, 465, 466, 467, 472, 475, 476


