0, 1, 2, 3, 5, 6, 7, 8, 9, 10, 11, 12, 13, 14, 15, 16, 17, 20, 21, 22, 23, 24, 25, 27, 28, 29, 30, 31, 32, 33, 34, 35, 36, 37, 38, 39, 40, 41, 42, 43, 44, 45, 48, 54, 57, 76, 114, 120, 150, 209, 219, 307, 326, 366, 386, 387, 470, 473


4, 18, 19, 26, 56, 95, 128, 160, 161, 172, 173, 176, 181, 185, 227, 232, 295, 296, 304, 305, 306, 314, 322, 324, 328, 329, 330, 332, 345, 350, 359, 363, 370, 400, 402, 404, 405, 406, 408, 409, 410, 412, 413, 417, 441, 442, 443, 450, 455, 456, 457, 458, 460


46, 47, 49, 50, 51, 52, 53, 55, 58, 59, 60, 61, 62, 63, 64, 65, 66, 67, 68, 69, 70, 71, 72, 73, 74, 75, 77, 78, 79, 80, 81, 82, 83, 84, 85, 86, 87, 88, 89, 90, 91, 92, 93, 94, 96, 97, 98, 99, 100, 101, 102, 103, 104, 105, 106, 107, 108, 109, 110, 111, 112, 113, 115, 116, 117, 118, 119, 121, 122, 123, 124, 125, 126, 140, 144, 145, 146, 156, 221, 222, 225, 252, 327, 335, 411


127, 129, 130, 131, 132, 133, 134, 143, 177, 178, 179, 180, 183, 184, 186, 189, 191, 192, 193, 194, 195, 196, 198, 199, 200, 201, 202, 203, 204, 205, 206, 207, 208, 210, 212, 213, 215, 216, 217, 223, 224, 226, 229, 234, 235, 236, 237, 238, 239, 243, 244, 245, 246, 247, 248, 249, 250, 251, 256, 257, 258, 259, 265, 267, 286, 371, 379, 415, 433, 434, 447, 463


135, 136, 137, 138, 139, 158, 163, 164, 165, 171, 187, 188, 190, 197, 211, 214, 218, 220, 228, 230, 231, 233, 240, 241, 242, 253, 254, 255, 260, 261, 262, 263, 264, 266, 268, 269, 270, 271, 272, 273, 274, 275, 276, 277, 278, 279, 280, 281, 282, 283, 284, 285, 287, 373


141, 142, 147, 148, 149, 151, 152, 153, 154, 155, 157, 159, 162, 166, 167, 168, 169, 170, 174, 175, 182, 367, 474, 479, 480, 481, 482, 483, 484, 500, 502, 504, 519, 524, 525, 526, 527, 528, 529, 532, 533, 549, 550, 552, 553, 556, 557, 567, 579, 581, 582, 586, 587, 588, 589


288, 289, 290, 291, 292, 293, 294, 297, 298, 299, 300, 301, 302, 303, 308, 309, 310, 311, 312, 313, 315, 316, 317, 318, 319, 320, 321, 323, 325, 331, 333, 334, 336, 337, 338, 339, 340, 341, 342, 343, 344, 346, 347, 348, 349, 351, 352, 353, 354, 355, 356, 357, 358, 360, 361, 362, 364, 365, 368, 369, 372, 374, 375, 376, 377, 378, 380, 381, 382, 383, 384, 385, 388, 389, 390, 391, 392, 393, 394, 395, 396, 397, 398, 399, 401, 403, 407, 414, 416, 418, 419, 420, 421, 422, 423, 424, 425, 426, 427, 428, 429, 430, 431, 432, 435, 437, 438, 439, 440, 444, 445, 446, 448, 449, 451, 452, 453, 454, 459, 461, 462, 464, 465, 466, 467, 469, 471, 472, 475, 476, 477


436, 468, 478, 485, 486, 487, 488, 489, 490, 491, 492, 493, 494, 495, 496, 497, 498, 499, 501, 503, 505, 506, 507, 508, 509, 510, 511, 512, 513, 514, 515, 516, 517, 518, 520, 521, 522, 523, 530, 531, 534, 535, 536, 537, 538, 539, 540, 541, 542, 543, 544, 545, 546, 547, 548, 551, 554, 555, 558, 559, 560, 561, 562, 563, 564, 565, 566, 568, 569, 570, 571, 572, 573, 574, 575, 576, 577, 578, 580, 583, 584, 585


